0 0.314883 0.476000 0.038203 0.034167
0 0.765852 0.602361 0.068687 0.075500
0 0.559059 0.775174 0.082117 0.124764
0 0.835090 0.689382 0.090305 0.084542
0 0.555629 0.460847 0.035242 0.038972
0 0.282715 0.652715 0.056102 0.099875
0 0.502848 0.649896 0.069930 0.107847
0 0.245195 0.468882 0.037844 0.045958
0 0.352063 0.438153 0.024984 0.019639
0 0.396699 0.429840 0.020930 0.020986
0 0.825617 0.553174 0.072453 0.071042
0 0.214090 0.390090 0.015492 0.021569
0 0.195340 0.392910 0.017539 0.023208
0 0.308859 0.401333 0.020516 0.022389
0 0.273262 0.408813 0.026602 0.022931
0 0.324059 0.419979 0.029227 0.032458
0 0.262785 0.544090 0.041461 0.063014
0 0.237656 0.932403 0.082188 0.135194
0 0.429641 0.945444 0.118297 0.108667
0 0.968863 0.712500 0.062273 0.100000
0 0.624168 0.449069 0.049258 0.040472
0 0.633801 0.476014 0.044461 0.032861
0 0.615816 0.503549 0.049445 0.047069
0 0.384801 0.481639 0.045695 0.044194
0 0.462914 0.467375 0.033859 0.043306
0 0.323359 0.525715 0.047531 0.071153
0 0.487285 0.455993 0.030586 0.029403
