0 0.497332 0.481389 0.042758 0.038750
0 0.462691 0.949444 0.114289 0.095083
0 0.319789 0.408299 0.027828 0.020764
0 0.188719 0.397861 0.025469 0.022639
0 0.240852 0.407076 0.025250 0.024181
0 0.267836 0.408417 0.025687 0.021500
0 0.308633 0.465597 0.044687 0.039139
0 0.275066 0.491882 0.037133 0.038764
0 0.237613 0.533340 0.036914 0.042597
0 0.376336 0.615542 0.055172 0.082028
0 0.479324 0.611674 0.063867 0.094514
0 0.596289 0.462875 0.034969 0.047583
0 0.555266 0.466319 0.051656 0.056528
0 0.326355 0.422951 0.034852 0.023681
0 0.762918 0.409319 0.037430 0.050444
0 0.965617 0.707667 0.064375 0.065278
0 0.814422 0.519597 0.059906 0.057917
0 0.635223 0.557438 0.058961 0.051931
0 0.772852 0.652861 0.078312 0.090583
0 0.768801 0.568944 0.067367 0.067306
0 0.608117 0.889674 0.110719 0.182292
0 0.275813 0.707993 0.062688 0.101264
0 0.271941 0.832722 0.080508 0.161889
0 0.686523 0.742688 0.090188 0.116347
