0 0.446594 0.465618 0.038969 0.041736
0 0.210887 0.407187 0.020727 0.020736
0 0.227832 0.451688 0.038148 0.035958
0 0.409402 0.675194 0.059086 0.113833
0 0.284801 0.690958 0.060633 0.132806
0 0.340656 0.542938 0.051359 0.061986
0 0.850840 0.694007 0.089523 0.083181
0 0.521508 0.653722 0.071312 0.110250
0 0.267227 0.587076 0.047422 0.076542
0 0.700340 0.598917 0.066695 0.071306
0 0.715336 0.513646 0.055375 0.059792
0 0.456187 0.604014 0.051344 0.077194
0 0.774734 0.870417 0.118641 0.148306
0 0.576258 0.483083 0.050875 0.052889
0 0.877773 0.645674 0.082687 0.071264
0 0.246949 0.907264 0.098727 0.153556
0 0.362348 0.435472 0.032805 0.025944
0 0.313867 0.423132 0.029781 0.025431
0 0.674375 0.961174 0.118734 0.077653
0 0.978383 0.607868 0.043234 0.161153
0 0.494508 0.551049 0.046812 0.051125
0 0.422281 0.547181 0.057516 0.064806
0 0.599164 0.462174 0.028750 0.036264
0 0.487680 0.434979 0.036219 0.044403
0 0.266367 0.396062 0.016844 0.021486
0 0.371152 0.409028 0.033102 0.026750
0 0.315262 0.401625 0.029570 0.022639
0 0.236504 0.520021 0.038148 0.053431
0 0.264969 0.482514 0.037281 0.039056
0 0.242945 0.408146 0.030000 0.028792
