0 0.257344 0.399667 0.021375 0.023028
0 0.270309 0.433819 0.032570 0.026861
0 0.237711 0.440924 0.036031 0.030319
0 0.324387 0.443993 0.041039 0.050264
0 0.299234 0.406000 0.027438 0.018806
0 0.228324 0.406535 0.023414 0.020847
0 0.173996 0.375576 0.066180 0.068375
0 0.329234 0.539528 0.040266 0.063861
0 0.230594 0.469597 0.029594 0.031083
0 0.463656 0.519368 0.056125 0.063319
0 0.543590 0.583264 0.057852 0.080250
0 0.660293 0.470319 0.053102 0.036833
0 0.560992 0.444993 0.038859 0.027625
0 0.517602 0.432514 0.045766 0.037222
0 0.465414 0.450660 0.035547 0.029792
0 0.369750 0.441722 0.025688 0.031472
0 0.386051 0.483750 0.039289 0.043361
0 0.379465 0.512340 0.043820 0.061403
0 0.274176 0.464333 0.037461 0.033750
0 0.265020 0.416938 0.023289 0.016125
0 0.990824 0.642319 0.018023 0.057972
0 0.438078 0.582187 0.048578 0.062819
0 0.623305 0.679708 0.078016 0.101861
0 0.292566 0.503799 0.040148 0.049764
0 0.552844 0.472118 0.052297 0.055625
0 0.262273 0.898542 0.121719 0.191667
0 0.778332 0.642958 0.087617 0.117111
0 0.842543 0.615944 0.072773 0.069472
0 0.616543 0.497646 0.051570 0.059653
0 0.285625 0.625569 0.053938 0.103528
0 0.736105 0.518403 0.052773 0.050639
0 0.700043 0.537701 0.057023 0.058625
0 0.476270 0.632667 0.059898 0.081889
