0 0.936516 0.692208 0.085641 0.076556
0 0.682719 0.721694 0.086203 0.128083
0 0.682590 0.959507 0.111633 0.080986
0 0.545789 0.578181 0.067672 0.104778
0 0.499430 0.484722 0.047109 0.045222
0 0.536855 0.437708 0.038727 0.032361
0 0.448281 0.464944 0.032656 0.039556
0 0.474391 0.423021 0.049094 0.045625
0 0.393313 0.442826 0.033813 0.041042
0 0.379871 0.417160 0.034102 0.036986
0 0.342449 0.494229 0.042477 0.043153
0 0.330457 0.546632 0.043930 0.063708
0 0.285941 0.632965 0.049133 0.069458
0 0.275590 0.588590 0.041789 0.054347
0 0.237574 0.523354 0.039883 0.052403
0 0.203617 0.479146 0.030344 0.045264
0 0.811191 0.676153 0.085023 0.082917
0 0.264449 0.410306 0.024180 0.026167
0 0.170543 0.392104 0.012523 0.015736
0 0.213824 0.438160 0.033023 0.038764
0 0.263801 0.445646 0.039289 0.046819
0 0.190293 0.392875 0.016617 0.021111
0 0.314484 0.419778 0.032094 0.026194
0 0.240605 0.467486 0.036461 0.038639
0 0.282738 0.782111 0.078508 0.169556
0 0.840418 0.959729 0.047195 0.068264
0 0.663152 0.476292 0.043758 0.030861
0 0.522504 0.693181 0.066523 0.116250
0 0.676910 0.580743 0.062211 0.066819
0 0.929129 0.608486 0.083602 0.075306
0 0.397578 0.657521 0.069687 0.137236
0 0.596523 0.529813 0.038641 0.048931
0 0.610254 0.474090 0.050336 0.051625
0 0.447281 0.573403 0.053781 0.065833
0 0.979398 0.580125 0.041125 0.071694
