0 0.293238 0.778486 0.072430 0.150000
0 0.391215 0.634507 0.087602 0.189042
0 0.430672 0.571792 0.036781 0.064806
0 0.260023 0.486590 0.038859 0.038375
0 0.262613 0.448979 0.037992 0.036847
0 0.290336 0.438917 0.040734 0.036444
0 0.372602 0.478208 0.038687 0.042639
0 0.431410 0.508472 0.047977 0.063278
0 0.401234 0.416556 0.033219 0.031528
0 0.213516 0.402750 0.022734 0.024361
0 0.196184 0.388993 0.018383 0.022653
0 0.260281 0.408771 0.030797 0.023792
0 0.333816 0.486021 0.042555 0.046042
0 0.322051 0.417250 0.041477 0.034167
0 0.913605 0.577306 0.082945 0.086500
0 0.251699 0.551090 0.041086 0.049458
0 0.292254 0.506646 0.039008 0.062097
0 0.328020 0.541375 0.038570 0.062972
0 0.508844 0.566375 0.054641 0.063167
0 0.897281 0.460250 0.070922 0.064389
0 0.301063 0.596229 0.042797 0.074347
0 0.544289 0.733528 0.073797 0.110306
0 0.748547 0.577972 0.070609 0.064361
0 0.737738 0.492535 0.051555 0.051847
0 0.735965 0.799889 0.120320 0.175389
