0 0.344590 0.430590 0.024227 0.019986
0 0.321355 0.483208 0.039711 0.035528
0 0.372184 0.513174 0.043461 0.048403
0 0.275824 0.491778 0.039789 0.044000
0 0.565293 0.478840 0.051898 0.052153
0 0.955594 0.604542 0.060469 0.071000
0 0.709703 0.551840 0.060687 0.062014
0 0.506992 0.426576 0.102906 0.085653
0 0.253949 0.946562 0.102617 0.106875
0 0.469250 0.969986 0.100563 0.060028
0 0.627684 0.874708 0.126758 0.181139
0 0.219156 0.389569 0.022453 0.029167
0 0.249297 0.404611 0.033469 0.027528
0 0.821996 0.559021 0.068773 0.055764
0 0.424316 0.566549 0.052336 0.080403
0 0.301055 0.650069 0.051656 0.093056
0 0.332496 0.536979 0.043039 0.062375
0 0.778430 0.655236 0.084578 0.071583
0 0.800590 0.506889 0.063258 0.047667
0 0.682031 0.497563 0.052500 0.052875
0 0.283270 0.401056 0.024977 0.024861
0 0.302750 0.423479 0.023484 0.021764
0 0.567648 0.521604 0.055547 0.045153
0 0.258543 0.553222 0.041195 0.084500
0 0.650797 0.439451 0.122156 0.091403
0 0.390293 0.432139 0.029727 0.029306
0 0.364566 0.412826 0.023227 0.023542
