0 0.508563 0.444236 0.124844 0.131000
0 0.368500 0.507514 0.043328 0.056389
0 0.654113 0.517722 0.047805 0.040778
0 0.777258 0.538458 0.050047 0.044750
0 0.735078 0.623757 0.068281 0.069736
0 0.453313 0.959410 0.119250 0.081181
0 0.664051 0.493111 0.048133 0.035694
0 0.429629 0.498569 0.047195 0.052278
0 0.560852 0.510090 0.048672 0.048569
0 0.289469 0.501903 0.037484 0.041806
0 0.227262 0.470313 0.069102 0.060264
0 0.745027 0.559569 0.055695 0.054778
0 0.396125 0.691528 0.059344 0.093444
0 0.240484 0.466326 0.041906 0.049708
0 0.502387 0.554028 0.049195 0.056472
0 0.267316 0.539250 0.040164 0.069194
0 0.620637 0.550562 0.052273 0.055542
0 0.866848 0.720812 0.096039 0.097514
0 0.348488 0.429701 0.034992 0.028958
0 0.437559 0.439042 0.032383 0.038389
0 0.221703 0.423528 0.033578 0.031833
