0 0.255168 0.460368 0.030805 0.025264
0 0.722699 0.548438 0.064523 0.070153
0 0.839027 0.618604 0.091758 0.080875
0 0.499820 0.556868 0.065250 0.073042
0 0.532348 0.674667 0.070008 0.105194
0 0.491508 0.462472 0.038531 0.040222
0 0.626020 0.499549 0.052102 0.053181
0 0.447813 0.457743 0.046500 0.048264
0 0.440617 0.581764 0.052109 0.067083
0 0.342871 0.543014 0.040086 0.067778
0 0.595313 0.528715 0.045469 0.060597
0 0.351816 0.469653 0.045586 0.063194
0 0.290105 0.598021 0.080836 0.175208
0 0.249922 0.518819 0.046719 0.079028
0 0.171289 0.389493 0.010391 0.023125
0 0.200238 0.399507 0.022195 0.027931
0 0.215512 0.399528 0.016461 0.027028
0 0.244156 0.434354 0.040281 0.028736
0 0.834043 0.542514 0.080570 0.074806
0 0.516781 0.440924 0.050953 0.046819
0 0.431727 0.423653 0.034109 0.029944
0 0.364082 0.433424 0.040961 0.033542
0 0.385367 0.424111 0.017094 0.025806
0 0.326187 0.415938 0.031281 0.032403
0 0.285793 0.403472 0.027898 0.026944
0 0.182203 0.390625 0.011281 0.021778
