0 0.544996 0.502125 0.044727 0.050056
0 0.369398 0.587653 0.046719 0.076750
0 0.443539 0.502944 0.049437 0.066778
0 0.401004 0.677424 0.060992 0.114903
0 0.657918 0.699174 0.088586 0.113542
0 0.308668 0.521285 0.039961 0.057486
0 0.628617 0.510549 0.052250 0.047597
0 0.703902 0.503556 0.056852 0.056694
0 0.920125 0.651618 0.100234 0.102764
0 0.766156 0.642278 0.077375 0.085111
0 0.498109 0.628722 0.066484 0.102194
0 0.597602 0.826569 0.094047 0.139778
0 0.648582 0.567528 0.055914 0.050056
0 0.467348 0.445160 0.040352 0.037542
0 0.426203 0.432465 0.024469 0.032986
0 0.257852 0.476458 0.037578 0.050694
0 0.345977 0.421667 0.034297 0.021944
0 0.869125 0.931986 0.139406 0.136028
0 0.531980 0.585896 0.053508 0.068403
0 0.664012 0.968146 0.108461 0.063708
0 0.548953 0.462556 0.034719 0.036861
0 0.534090 0.447458 0.031477 0.040417
0 0.473398 0.420181 0.029188 0.020917
0 0.375363 0.518729 0.045664 0.051375
0 0.331973 0.479069 0.040586 0.047972
0 0.380328 0.474076 0.045328 0.042597
0 0.351078 0.402118 0.031953 0.021875
0 0.261984 0.411854 0.022953 0.020903
0 0.218699 0.405549 0.020711 0.019569
0 0.187262 0.393778 0.017164 0.017250
0 0.251855 0.444924 0.035820 0.035153
0 0.234406 0.921271 0.113859 0.157458
