0 0.456922 0.587201 0.055906 0.070347
0 0.850078 0.562396 0.061766 0.079153
0 0.185461 0.386951 0.018313 0.023986
0 0.172391 0.395083 0.016500 0.020556
0 0.212164 0.405278 0.029188 0.029528
0 0.250059 0.399542 0.025633 0.024944
0 0.411555 0.433368 0.025797 0.026653
0 0.375832 0.438125 0.033070 0.031528
0 0.264961 0.486486 0.041953 0.050472
0 0.257797 0.550681 0.040578 0.061028
0 0.345121 0.491000 0.045117 0.054500
0 0.453480 0.520938 0.052023 0.057542
0 0.783574 0.418174 0.036445 0.043375
0 0.810992 0.929444 0.140047 0.141111
0 0.434977 0.933771 0.134266 0.128653
0 0.482000 0.433542 0.040453 0.027639
0 0.575316 0.480681 0.052039 0.051056
0 0.483176 0.463715 0.041492 0.039792
0 0.584285 0.524451 0.045336 0.045514
0 0.776891 0.561993 0.082000 0.095264
0 0.528711 0.726479 0.068359 0.103097
0 0.718422 0.604090 0.064609 0.080347
0 0.306184 0.413299 0.020102 0.019597
0 0.613719 0.476444 0.036594 0.034639
0 0.386320 0.626479 0.060344 0.094069
0 0.276934 0.604681 0.046836 0.076667
