0 0.189766 0.394125 0.020469 0.019250
0 0.273965 0.839493 0.085648 0.135764
0 0.668086 0.521965 0.043828 0.044931
0 0.382117 0.624201 0.050766 0.077236
0 0.239656 0.521167 0.040266 0.063167
0 0.307414 0.529340 0.047016 0.072653
0 0.639145 0.561507 0.038602 0.050625
0 0.985582 0.636264 0.028383 0.087583
0 0.830715 0.612056 0.071617 0.062139
0 0.853082 0.942514 0.107055 0.108250
0 0.423809 0.421687 0.037070 0.034153
0 0.507133 0.464465 0.040359 0.037986
0 0.874926 0.697778 0.079148 0.081972
0 0.232406 0.399014 0.019109 0.021389
0 0.252668 0.404271 0.028727 0.024042
0 0.342109 0.409993 0.025313 0.017764
0 0.562438 0.487958 0.042063 0.046028
0 0.294832 0.463951 0.041898 0.049514
0 0.345047 0.493868 0.041156 0.042208
0 0.596016 0.642903 0.069688 0.088750
0 0.433809 0.900028 0.102617 0.197222
0 0.335117 0.427778 0.026172 0.023639
0 0.568156 0.443229 0.040672 0.032847
